1 0
2 0
3 1
4 1
5 5
6 1
7 2
8 3
9 4
10 5
11 16
12 5
13 5
14 15
15 7
16 7
17 12
18 9
19 10
20 15
21 12
22 17
23 14
24 23
25 23
26 31
27 33
28 36
29 23
30 32
31 43
32 32
33 29
34 49
35 36
36 34
37 54
38 39
39 44
40 77
41 64
42 64
43 69
44 73
45 52
46 55
47 58
48 60
49 75
50 65
51 68
52 70
53 86
54 79
55 79
56 106
57 94
58 88
59 91
60 95
61 97
62 102
63 128
64 109
65 112
66 116
67 126
68 127
69 150
70 130
71 135
72 138
73 142
74 154
75 174
76 155
77 160
78 165
79 169
80 230
81 184
82 184
83 188
84 194
85 207
86 203
87 209
88 215
89 268
90 223
91 228
92 234
93 240
94 274
95 254
96 256
97 264
98 318
99 273
100 280
